accuracy:
  total_loss: 3.2984219781283675
  mean_relative_error: 1.2013883590698242
  median_relative_error: 0.15805216133594513
  max_relative_error: 64259.1328125
  min_relative_error: 3.4004108329099836e-07
dynamic_accuracy:
  species_correlations:
    quantity_0: 0.056642460330876374
    quantity_1: 0.015241384206546266
    quantity_2: -0.4100577628783994
    quantity_3: -0.04857977112140067
    quantity_4: -0.35409238227266987
    quantity_5: -0.10009254587933658
    quantity_6: -0.051400433506125304
    quantity_7: -0.16649157877245085
    quantity_8: -0.5169105513805167
    quantity_9: 0.2196992122648169
    quantity_10: -0.0836310875619157
    quantity_11: -0.2102896360909137
    quantity_12: -0.19175137639934015
    quantity_13: 0.0017477422738923342
    quantity_14: 0.3986780435227709
    quantity_15: 0.20391873616652387
    quantity_16: -0.28894668916167804
    quantity_17: 0.42742298611936524
    quantity_18: -0.01848842831388164
    quantity_19: 0.0768553329647578
    quantity_20: 0.5230381116389039
    quantity_21: 0.18264589498045702
    quantity_22: -0.1818699190586154
    quantity_23: -0.021361879173867067
    quantity_24: 0.3848328519563088
    quantity_25: -0.3565497427653449
    quantity_26: -0.2949261878340406
    quantity_27: 0.006102948796718097
    quantity_28: 0.026870856551422424
  avg_correlation: -0.1467847318181214
timing:
  mean_inference_time_per_run: 0.4196204662322998
  std_inference_time_per_run: 0.04558615015480975
  num_predictions: 20000
  mean_inference_time_per_prediction: 2.0981023311614992e-05
  std_inference_time_per_prediction: 2.2793075077404874e-06
compute:
  num_trainable_parameters: 142580
  memory_footprint:
    before_forward: 737554432
    after_forward: 737554432
    forward_pass_memory: 0
    after_backward: 761823232
    backward_pass_memory: 24268800
interpolation:
  interval 1:
    MSE: 3.2984219781283675
  interval 2:
    MSE: 42.989759066877696
  interval 3:
    MSE: 44.039055627020474
  interval 4:
    MSE: 47.396810129310346
  interval 5:
    MSE: 52.336392443426725
  interval 6:
    MSE: 49.50734098195043
  interval 7:
    MSE: 61.756242093211206
  interval 8:
    MSE: 62.955518787042024
  interval 9:
    MSE: 66.00609552464978
  interval 10:
    MSE: 69.50359718480604
extrapolation:
  cutoff 50:
    MSE: 155.51788523706895
  cutoff 60:
    MSE: 80.68672179418104
  cutoff 70:
    MSE: 52.398167564655175
  cutoff 80:
    MSE: 33.96837243399784
  cutoff 100:
    MSE: 3.2984219781283675
  cutoff 90:
    MSE: 4.404232670224946
sparse:
  factor 1:
    MSE: 3.2984219781283675
    n_train_samples: 800
  factor 2:
    MSE: 42.90620045629041
    n_train_samples: 400
  factor 4:
    MSE: 45.01945009765625
    n_train_samples: 200
  factor 8:
    MSE: 64.76031120016164
    n_train_samples: 100
  factor 16:
    MSE: 73.49020088900862
    n_train_samples: 50
  factor 32:
    MSE: 77.84927879849138
    n_train_samples: 25
UQ:
  average_uncertainty: 1.2434779405593872
  correlation_metrics: 0.26730771617100724
