accuracy:
  total_loss: 0.13627573410560345
  mean_relative_error: 0.39613938331604004
  median_relative_error: 0.028161674737930298
  max_relative_error: 14694.4765625
  min_relative_error: 1.1591117043963095e-07
dynamic_accuracy:
  species_correlations:
    quantity_0: 0.2142862098218782
    quantity_1: 0.41227007289488365
    quantity_2: 0.1388168937446336
    quantity_3: 0.19746311953640874
    quantity_4: 0.023165187661189402
    quantity_5: 0.10209470843697324
    quantity_6: 0.33420353117606066
    quantity_7: 0.22995608842417006
    quantity_8: 0.36309189283221405
    quantity_9: 0.292754594842654
    quantity_10: 0.19691679383350988
    quantity_11: 0.2287378958895585
    quantity_12: 0.16414389573372595
    quantity_13: 0.147971444984191
    quantity_14: -0.2243796841398629
    quantity_15: -0.09747117196122045
    quantity_16: -0.003959126136166194
    quantity_17: -0.04871412447868863
    quantity_18: 0.4171229123625919
    quantity_19: 0.11837858725346517
    quantity_20: -0.3558741743944073
    quantity_21: 0.11454840758768133
    quantity_22: 0.17021678902215825
    quantity_23: 0.22995332998546855
    quantity_24: 0.05117132665133829
    quantity_25: 0.32908914251713745
    quantity_26: 0.29509179301361543
    quantity_27: 0.4166950648478761
    quantity_28: -0.06361338808111985
  avg_correlation: 0.19696617153166132
timing:
  mean_inference_time_per_run: 2.7367873191833496
  std_inference_time_per_run: 0.20696907323703456
  num_predictions: 20000
  mean_inference_time_per_prediction: 0.0001368393659591675
  std_inference_time_per_prediction: 1.0348453661851729e-05
compute:
  num_trainable_parameters: 142580
  memory_footprint:
    before_forward: 893349888
    after_forward: 893591552
    forward_pass_memory: 241664
    after_backward: 899031040
    backward_pass_memory: 5439488
interpolation:
  interval 1:
    MSE: 0.13627573410560345
  interval 2:
    MSE: 0.2673639888368804
  interval 3:
    MSE: 0.2789162707098599
  interval 4:
    MSE: 0.38143048137796337
  interval 5:
    MSE: 0.3841445127289871
  interval 6:
    MSE: 0.5065739788186961
  interval 7:
    MSE: 0.5829108903556034
  interval 8:
    MSE: 0.5258862035290949
  interval 9:
    MSE: 0.4972983415274784
  interval 10:
    MSE: 0.6649191237877156
extrapolation:
  cutoff 50:
    MSE: 6.204522939116379
  cutoff 60:
    MSE: 3.0862528758081895
  cutoff 70:
    MSE: 2.4502787715517242
  cutoff 80:
    MSE: 0.8607284364897629
  cutoff 100:
    MSE: 0.13627573410560345
  cutoff 90:
    MSE: 0.2688312112742457
sparse:
  factor 1:
    MSE: 0.13627573410560345
    n_train_samples: 800
  factor 2:
    MSE: 0.2869534007105334
    n_train_samples: 400
  factor 4:
    MSE: 0.34048822652882543
    n_train_samples: 200
  factor 8:
    MSE: 0.4390357320851293
    n_train_samples: 100
  factor 16:
    MSE: 0.7244347875134698
    n_train_samples: 50
  factor 32:
    MSE: 1.3822681910021553
    n_train_samples: 25
UQ:
  average_uncertainty: 0.13434112071990967
  correlation_metrics: 0.3612337960955972
