accuracy:
  total_loss: 0.007519350117650525
  mean_relative_error: 0.07295349985361099
  median_relative_error: 0.006820731796324253
  max_relative_error: 1411.93359375
  min_relative_error: 0.0
dynamic_accuracy:
  species_correlations:
    quantity_0: -0.003017452596307476
    quantity_1: 0.3952677195446631
    quantity_2: 0.06626384310286194
    quantity_3: 0.12114907018394709
    quantity_4: 0.02635867041271142
    quantity_5: 0.13996008617481434
    quantity_6: 0.11576237259351957
    quantity_7: 0.3019569676630643
    quantity_8: 0.2801523595157395
    quantity_9: 0.22889198536656882
    quantity_10: 0.18061084789616272
    quantity_11: 0.22690452375596087
    quantity_12: 0.14660101006181228
    quantity_13: 0.06433547451320355
    quantity_14: 0.03485676411388728
    quantity_15: 0.18781552940605148
    quantity_16: -0.09741360168949087
    quantity_17: -0.026368729671560627
    quantity_18: 0.21593187758565976
    quantity_19: 0.39199722176202323
    quantity_20: 0.07378611597627203
    quantity_21: 0.22061878225956502
    quantity_22: 0.22253782909149905
    quantity_23: 0.07174206021505422
    quantity_24: 0.20471932971305365
    quantity_25: 0.04579476075393806
    quantity_26: 0.22853625801601807
    quantity_27: 0.2978585672124478
    quantity_28: 0.0901555707307019
  avg_correlation: 0.43592309438510884
timing:
  mean_inference_time_per_run: 2.4124608516693113
  std_inference_time_per_run: 0.06568293325282273
  num_predictions: 20000
  mean_inference_time_per_prediction: 0.00012062304258346556
  std_inference_time_per_prediction: 3.2841466626411367e-06
compute:
  num_trainable_parameters: 99629
  memory_footprint:
    before_forward: 722964480
    after_forward: 723415040
    forward_pass_memory: 450560
    after_backward: 746897408
    backward_pass_memory: 23482368
interpolation:
  interval 1:
    MSE: 0.007519350117650525
  interval 2:
    MSE: 0.041027823717840785
  interval 3:
    MSE: 0.06950235069537986
  interval 4:
    MSE: 0.1416702316810345
  interval 5:
    MSE: 0.14008443898168105
  interval 6:
    MSE: 0.20354068729795258
  interval 7:
    MSE: 0.23907288818359376
  interval 8:
    MSE: 0.229673820548222
  interval 9:
    MSE: 0.2571843404835668
  interval 10:
    MSE: 0.4782760994746767
extrapolation:
  cutoff 50:
    MSE: 3.8111192147090516
  cutoff 60:
    MSE: 2.0942955280172413
  cutoff 70:
    MSE: 1.2700352101293104
  cutoff 80:
    MSE: 0.35057662984913796
  cutoff 100:
    MSE: 0.007519350117650525
  cutoff 90:
    MSE: 0.020797750275710535
sparse:
  factor 1:
    MSE: 0.007519350117650525
    n_train_samples: 800
  factor 2:
    MSE: 0.03868818212048761
    n_train_samples: 400
  factor 4:
    MSE: 0.1050097062735722
    n_train_samples: 200
  factor 8:
    MSE: 0.2361642898033405
    n_train_samples: 100
  factor 16:
    MSE: 0.693886489762931
    n_train_samples: 50
  factor 32:
    MSE: 1.2573821390086206
    n_train_samples: 25
UQ:
  average_uncertainty: 0.04077305272221565
  correlation_metrics: 0.36158015595464993
